Dátum	Nap	Szekrényes öltözõvel	Kabinhasználattal	Gyermek, nyugdíjas	Jegyek száma	Bevétel	
		432	132	212			
		412	145	343			
		450	132	347			
		482	177	367			
		590	189	332			
		423	142	385			
		452	146	329			
		423	132	328			
		404	117	318			
		401	133	391			
		591	188	286			
		611	193	216			
		432	145	264			
		407	153	240			
		421	148	224			
		411	108	290		
		423	136	247		
		570	176	308		
		587	192	234		
		434	101	220		
		409	114	274		
		423	124	297		
		417	116	355		
		434	138	266		
		524	189	320		
		561	199	312		
		426	142	375		
		419	152	285		
