																																						7	7
	27	27																																			7	7	7
	27	27	27																																			7	7
		27	27
									9	9	9
											9
										9	9
										9	9			12
														4	12														6
													4	4	4	12												6	6	6
														4	4	4	12											6	6
														4	4	4		12										6	6
															4													6	6	6
																												6		6
																													6	6
																														6


																																				23	23
																					13	14	15														23	23
																					13	14	15															23	23
							16	16	16												13	14	15																23
							16	16	16											21	21	21	21	21
							16	16	16
							16	16	16



																																							38
																																						38	38
																																					38	38	38
														2											5											38	38	38	38
													2	2	2									5	5	5									38	38	38	38	38
												2	2	2	2	2								5	5	5								38	38	38	38	38	38
													2	2	2	2	2							5	5	5							38	38	38	38	38	38	38
														2	2	2	2							5	5	5							38	38	38	38	38	38
															2	2								5	5	5								38	38	38	38
																								5	5	5								38	38	38
		32		32																				5	5	5
		32	32	32
